Life Tables of the resident population - Geographical Area: Italy - Females - Year: 2021
Age,Survivors,Deaths,Probability of death (per thousand),Years lived,Projection probability,Life expectancy,Notes
0,100000,233,2.32782,99781,0.9997828,84.691,s
1,99767,16,0.15918,99759,0.9998614,83.887,s
2,99751,12,0.11800,99745,0.9998963,82.901,s
3,99740,9,0.08942,99735,0.9999198,81.910,s
4,99731,7,0.07089,99727,0.9999333,80.918,s
5,99724,6,0.06258,99720,0.9999388,79.923,s
6,99717,6,0.05990,99714,0.9999412,78.928,s
7,99711,6,0.05780,99708,0.9999399,77.933,s
8,99706,6,0.06246,99702,0.9999368,76.937,s
9,99699,6,0.06401,99696,0.9999337,75.942,s
10,99693,7,0.06860,99690,0.9999310,74.947,s
11,99686,7,0.06931,99683,0.9999304,73.952,s
12,99679,7,0.06980,99676,0.9999279,72.957,s
13,99672,7,0.07450,99669,0.9999197,71.962,s
14,99665,9,0.08616,99661,0.9999087,70.968,s
15,99656,10,0.09652,99651,0.9998946,69.974,s
16,99647,11,0.11421,99641,0.9998801,68.980,s
17,99635,13,0.12559,99629,0.9998703,67.988,s
18,99623,13,0.13383,99616,0.9998626,66.997,s
19,99609,14,0.14096,99602,0.9998606,66.006,s
20,99595,14,0.13794,99589,0.9998664,65.015,s
21,99582,13,0.12921,99575,0.9998674,64.024,s
22,99569,14,0.13608,99562,0.9998637,63.032,s
23,99555,14,0.13653,99548,0.9998536,62.040,s
24,99542,16,0.15632,99534,0.9998397,61.049,s
25,99526,16,0.16433,99518,0.9998295,60.058,s
26,99510,18,0.17676,99501,0.9998197,59.068,s
27,99492,18,0.18387,99483,0.9998076,58.078,s
28,99474,20,0.20094,99464,0.9997980,57.089,s
29,99454,20,0.20315,99444,0.9997909,56.100,s
30,99434,21,0.21512,99423,0.9997767,55.112,s
31,99412,23,0.23155,99401,0.9997578,54.123,s
32,99389,25,0.25278,99377,0.9997345,53.136,s
33,99364,28,0.27821,99350,0.9997080,52.149,s
34,99336,30,0.30571,99321,0.9996802,51.164,s
35,99306,33,0.33386,99290,0.9996482,50.179,s
36,99273,37,0.36982,99255,0.9996108,49.196,s
37,99236,41,0.40860,99216,0.9995666,48.214,s
38,99196,45,0.45821,99173,0.9995201,47.233,s
39,99150,50,0.50156,99125,0.9994677,46.255,s
40,99101,56,0.56311,99073,0.9994014,45.278,s
41,99045,63,0.63412,99013,0.9993312,44.303,s
42,98982,70,0.70347,98947,0.9992628,43.331,s
43,98912,76,0.77087,98874,0.9991825,42.361,s
44,98836,85,0.86424,98793,0.9990999,41.393,s
45,98751,92,0.93605,98704,0.9990136,40.428,s
46,98658,102,1.03686,98607,0.9989133,39.466,s
47,98556,112,1.13662,98500,0.9988209,38.506,s
48,98444,120,1.22153,98384,0.9987081,37.550,s
49,98324,134,1.36240,98257,0.9985602,36.595,s
50,98190,149,1.51732,98115,0.9983950,35.644,s
51,98041,166,1.69279,97958,0.9982037,34.697,s
52,97875,186,1.89996,97782,0.9980152,33.755,s
53,97689,202,2.06973,97588,0.9978414,32.819,s
54,97487,219,2.24764,97377,0.9976619,31.886,s
55,97267,236,2.42880,97149,0.9974892,30.957,s
56,97031,252,2.59298,96905,0.9972688,30.031,s
57,96780,278,2.86974,96641,0.9969741,29.107,s
58,96502,307,3.18244,96348,0.9966607,28.190,s
59,96195,336,3.49666,96027,0.9963215,27.278,s
60,95858,370,3.86098,95673,0.9959407,26.372,s
61,95488,407,4.25845,95285,0.9955340,25.472,s
62,95082,444,4.67447,94859,0.9950972,24.579,s
63,94637,486,5.13229,94394,0.9946258,23.692,s
64,94151,529,5.61736,93887,0.9941127,22.812,s
65,93623,577,6.15876,93334,0.9935370,21.938,s
66,93046,630,6.76904,92731,0.9928456,21.071,s
67,92416,697,7.54237,92068,0.9920162,20.211,s
68,91719,773,8.42854,91333,0.9911853,19.361,s
69,90946,837,9.20424,90528,0.9902500,18.521,s
70,90109,928,10.30073,89645,0.9890936,17.689,s
71,89181,1027,11.51830,88667,0.9877337,16.867,s
72,88154,1148,13.02310,87580,0.9864641,16.058,s
73,87006,1223,14.05546,86394,0.9852679,15.263,s
74,85783,1323,15.41842,85121,0.9836510,14.474,s
75,84460,1461,17.29421,83730,0.9814164,13.693,s
76,82999,1651,19.89575,82174,0.9787614,12.925,s
77,81348,1839,22.60869,80428,0.9754777,12.177,s
78,79509,2105,26.48023,78456,0.9719043,11.447,s
79,77403,2303,29.75517,76252,0.9683626,10.745,s
80,75100,2522,33.57734,73839,0.9641542,10.059,s
81,72579,2772,38.19302,71193,0.9594952,9.391,s
82,69807,2995,42.90843,68309,0.9538238,8.744,s
83,66811,3313,49.59052,65155,0.9463348,8.114,s
84,63498,3680,57.95253,61658,0.9373970,7.511,s
85,59818,4040,67.53953,57798,0.9272173,6.943,s
86,55778,4373,78.40560,53591,0.9161465,6.409,s
87,51405,4614,89.76496,49098,0.9035277,5.912,s
88,46790,4859,103.84120,44361,0.8891756,5.446,s
89,41932,4974,118.61677,39445,0.8746741,5.019,s
90,36958,4913,132.93795,34501,0.8589696,4.627,s
91,32045,4818,150.36349,29636,0.8417646,4.260,s
92,27226,4560,167.50046,24946,0.8235541,3.925,s
93,22666,4243,187.19128,20545,0.8032595,3.614,s
94,18423,3841,208.48897,16503,0.7819689,3.331,s
95,14582,3355,230.08668,12905,0.7617567,3.077,s
96,11227,2794,248.83742,9830,0.7417741,2.848,s
97,8433,2283,270.72441,7292,0.7191474,2.625,s
98,6150,1813,294.74057,5244,0.6940316,2.414,s
99,4337,1396,321.88853,3639,0.6658504,2.214,s
100,2941,1036,352.23070,2423,0.6346298,2.028,s
101,1905,735,385.65451,1538,0.6023386,1.858,s
102,1170,488,417.20553,926,0.5709200,1.711,s
103,682,307,449.45499,529,0.5389389,1.578,s
104,376,181,482.14233,285,0.5066499,1.459,s
105,194,100,514.99265,144,0.4743160,1.351,s
106,94,52,547.72769,68,0.4422002,1.254,s
107,43,25,580.06981,30,0.4105587,1.168,s
108,18,11,611.75797,12,0.3796295,1.091,s
109,7,4,642.55374,5,0.3496283,1.022,s
110,2,2,672.24333,2,0.3207448,0.961,s
111,1,1,700.64868,1,0.2931354,0.907,s
112,0,0,727.62945,0,0.2669224,0.858,s
113,0,0,753.08015,0,0.2421966,0.815,s
114,0,0,776.93215,0,0.2190153,0.777,s
115,0,0,799.15177,0,0.1974054,0.744,s
116,0,0,819.73632,0,0.1773664,0.714,s
117,0,0,838.70615,0,0.1588768,0.688,s
118,0,0,856.10869,0,0.1418919,0.665,s
119,0,0,872.00348,0,0.1263552,0.644,s
Info: s = Estimate data